00000 00000 00121 10200 00000 00000 20210 20000 00000 00000 10101 01010
10101 02000 00000 00000 12110 20000 00000 00020 21020 00000 00000 00000
00000 00010 20000 00000 00121 10211 11111 11120 21021 11111 11101 02000
00000 01211 02111 11111 20210 21111 11101 02000 00000 01211 02000 00000
20210 20000 00102 00000 00001 21102 11111 11120 21021 11111 10101 01020
00000 00012 11020 00000 00202 10200 00001 02000 00000 01211 02111 11111
20210 21111 11101 01010 10102 00000 00001 21102 00000 00020 21020 00000
10200 00000 00121 10211 11111 12021 02111 11110 10101 01010 10102 00000
00001 21102 00000 00020 21020 00000 10200 00000 00121 10211 11111 12021
02111 11110 10101 01010 10101 01020 00000 00012 11020 00000 00202 10200
00001 02000 00000 01211 02111 11111 20210 21111 11101 01010 10101 01010
10101 02000 00000 01211 02000 00000 20210 20000 00102 00000 00001 21102
11111 11120 21021 11111 10101 01010 10101 01010 10101 01020 00000 00012
11020 00000 00202 10200 00001 02000 00000 01211 02111 11111 20210 21111
11101 01010 10101 01010 10101 01010 10102 00000 00001 21102 00000 00020
21020 00000 10200 00000 00121 10211 11111 12021 02111 11110 10101 01010
10101 01010 10101 01010 10102 00000 00001 21102 00000 00020 21020 00000
10200 00000 00121 10211 11111 12021 02111 11110 10101 01010 10101 01010
10101 01010 10101 01020 00000 00012 11020 00000 00202 10200 00001 02000
00000 01211 02111 11111 20210 21111 11101 01010 10101 01010 10101 01010
10101 01010 10101 02000 00000 01211 02000 00000 20210 20000 00102 00000
00001 21102 11111 11120 21021 11111 10101 01010 10101 01010 10101 01010
10101 01010 10101 01020 00000 00012 11020 00000 00202 10200 00001 02000
00000 01211 02111 11111 20210 21111 11101 01010 10101 01010 10101 01010
10101 01010 10101 01010 10102 00000 00001 21102 00000 00020 21020 00000
10200 00000 00121 10211 11111 12021 02111 11110 10101 01010 10101 01010
10101 01010 10101 01010 10101 01010 10102 00000 00001 21102 00000 00020
21020 00000 10200 00000 00121 10211 11111 12021 02111 11110 10101 01010
10101 01010 10101 01010 10101 01010 10101 01010 10101 01020 00000 00012
11020 00000 00202 10200 10101 01010 10101 01010 10101 01010 10200 00000
12110 21111 11202 10211 11111 11111 10200 00000 00000 01211 02000 00000
00002 02102 00000 00000 00000 00000 00001 02000 00000 00012 11021 11111
11112 02102 11111 11111 11101 01010 10101 01020 00000 00012 11021 11111
11202 10211 10101 01000 10200 00000 12110 20000 00202 10200 00000 00010
20000 00000 12110 21111 11112 02102 11100 00000 10200 00000 00121 10200
00000 02021 02102 00000 00001 21102 11111 11120 21021 02000 00001 21102
00000 02021 02000 00000 00102 00000 00121 10211 11112 02102 11111 11111
10200 00000 00121 10200 00000 02021 02102 00000 00001 21102 11111 11120
21021 02000 00001 21102 00000 02021 02000 00000 00102 00000 00121 10211
11112 02102 11111 11111 10200 00000 12110 20000 00202 10200 00000 00010
10102 00000 00121 10211 11112 02102 11111 11111 11101 01010 00102 00000
00001 21102 00000 00020 21021 01010 10102 00000 00001 21102 11111 11120
21021 11010 10101 01010 10100 01020 00000 01211 02000 00020 21020 00000
00001 02000 00000 01211 02111 11111 20210 21110 10100 00000 10200 00000
12110 20000 00202 10200 00000 00010 10101 01020 00000 01211 02111 11120
21021 11111 11111 02000 00000 01211 02000 00000 20210 21010 10101 02000
00000 01211 02111 11111 20210 21111 11101 01010 00000 01020 00000 01211
02000 00020 21020 00000 00001 02000 00000 01211 02111 11111 20210 21110
10101 01010 10000 00010 11111 11000 00001 02000 00001 21102 00000 02021
02000 00000 00101 01010 20000 00012 11021 11111 20210 21111 11111 11020
00000 00012 11020 00000 00202 10210 10101 02000 00000 01211 02111 11111
20210 21111 11101 01010 00000 01011 10101 01010 10101 01010 10100 01011
11111 01010 10101 01010 00000 01020 00000 01211 02000 00020 21020 00000
00001 01010 10200 00000 12110 21111 11202 10211 11111 11110 20000 00000
12110 20000 00002 02102 10101 01020 00000 00012 11021 11111 11202 10211
10101 01010 10100 01011 10001 02000 00000 01211 02000 00000 20210 21020
00000 00012 11021 11111 11202 10211 10101 01000 10200 00000 12110 20000
00202 10200 00000 00010 10101 01020 00000 01211 02111 11120 21021 11111
11111 02000 00000 01211 02000 00000 20210 21010 10102 00000 00001 21102
11111 11120 21021 11111 10101 00000 00101 11111 10000 00010 20000 00012
11020 00000 20210 20000 00000 01010 10102 00000 00121 10211 11112 02102
11111 11111 10200 00000 00121 10200 00000 02021 02101 01010 10102 00000
00001 21102 11111 11120 21021 11111 10000 00010 20000 00012 11020 00000
20210 20000 00000 01010 20000 00000 12110 21111 11112 02102 11101 01010
00000 01011 10101 01010 10101 00010 20000 00000 12110 20000 00002 02102
10200 00000 00121 10211 11111 12021 02102 00000 00121 10200 00002 02102
00000 00000 10101 01010 20000 00012 11021 11111 20210 21111 11111 11020
00000 00012 11020 00000 00202 10210 10101 02000 00000 01211 02111 11111
20210 21111 11101 01010 10101 00000 00101 11010 10101 01010 00102 00000
00001 21102 00000 00020 21021 02000 00000 01211 02111 11111 20210 21110
00102 00000 00121 10200 00002 02102 00000 00000 10200 00000 00121 10211
11111 12021 02111 01010 10101 00000 00102 00000 00121 10200 00002 02102
00000 00000 10101 01020 00000 01211 02111 11120 21021 11111 11111 02000
00000 01211 02000 00000 20210 21010 10102 00000 00001 21102 11111 11120
21021 11111 10101 00000 00101 11000 10111 01010 10101 01010 00102 00000
00121 10200 00002 02102 00000 00000 10101 02000 00000 01211 02111 11111
20210 21110 10000 00010 20000 00000 12110 20000 00002 02102 10101 02000
00000 01211 02111 11111 20210 21111 11101 01010 10000 00010 20000 00000
12110 20000 00002 02102 10200 00000 00121 10211 11111 12021 02111 01000
10200 00000 12110 20000 00202 10200 00000 00010 20000 00012 11021 11111
20210 21111 11111 11110 10101 01000 10200 00000 00121 10200 00000 02021
02102 00000 00001 21102 11111 11120 21021 11010 10101 00010 20000 00000
12110 20000 00002 02102 10200 00000 00121 10211 11111 12021 02111 11110
10100 00000 10200 00000 12110 20000 00202 10200 00000 00010 10101 01020
00000 00012 11021 11111 11202 10211 10100 00000 10111 11110 10101 01010
10100 00000 10111 01010 10101 00010 11111 11010 10101 00000 00101 01011
10101 01010 10001 01111 11101 01010 10000 00010 11101 01010 10001 02000
00000 01211 02000 00000 20210 21020 00000 00012 11021 11111 11202 10211
10101 01010 10100 01020 00000 01211 02000 00020 21020 00000 00001 02000
00000 01211 02111 11111 20210 21110 10000 00010 20000 00000 12110 20000
00002 02102 10101 01020 00000 00012 11021 11111 11202 10211 10100 01011
10001 02000 00001 21102 00000 02021 02000 00000 00102 00000 00121 10211
11112 02102 11111 11111 10200 00000 12110 20000 00202 10200 00000 00010
10102 00000 00001 21102 11111 11120 21021 11010 10000 00010 20000 00000
12110 20000 00002 02102 10101 01020 00000 00012 11021 11111 11202 10211
10001 02000 00001 21102 00000 02021 02000 00000 00101 01010 20000 00012
11021 11111 20210 21111 11111 11110 00102 00000 00001 21102 00000 00020
21021 02000 00000 01211 02111 11111 20210 21020 00000 01211 02000 00020
21020 00000 00001 02000 00001 21102 11111 12021 02111 11111 11111 01010
00101 11000 10200 00000 00121 10200 00000 02021 02102 00000 00001 21102
11111 11120 21021 02000 00001 21102 00000 02021 02000 00000 00102 00000
00001 21102 11111 11120 21021 11000 00001 02000 00000 01211 02000 00000
20210 21020 00000 00012 11021 11111 11202 10210 11101 01000 10102 00000
00001 21102 00000 00020 21021 01010 20000 00000 12110 21111 11112 02102
11111 11010 00000 01020 00000 01211 02000 00020 21020 00000 00001 01010
20000 00000 12110 21111 11112 02102 11101 01000 00001 02000 00000 01211
02000 00000 20210 21010 10200 00000 00121 10211 11111 12021 02111 00010
20000 00012 11020 00000 20210 20000 00000 01010 10200 00000 12110 21111
11202 10211 11111 11111 10101 00010 20000 00000 12110 20000 00002 02102
10101 02000 00000 01211 02111 11111 20210 21111 11101 00000 00102 00000
00121 10200 00002 02102 00000 00000 10101 01020 00000 00012 11021 11111
11202 10211 10000 00010 20000 00000 12110 20000 00002 02102 10200 00000
00121 10211 11111 12021 02111 11110 10100 00000 10200 00000 00121 10200
00000 02021 02101 01010 20000 00000 12110 21111 11112 02102 11111 11010
00000 01020 00000 01211 02000 00020 21020 00000 00001 01010 10101 02000
00001 21102 11111 12021 02111 11111 11102 00000 00001 21102 00000 00020
21021 01010 10102 00000 00001 21102 11111 11120 21021 11111 10101 01010
10101 00000 00101 11010 10101 00010 20000 00012 11020 00000 20210 20000
00000 01010 10101 02000 00001 21102 11111 12021 02111 11111 11102 00000
00001 21102 00000 00020 21021 01010 10102 00000 00001 21102 11111 11120
21021 11111 10101 01010 00000 01020 00000 01211 02000 00020 21020 00000
00001 02000 00000 01211 02111 11111 20210 21110 10101 00000 00102 00000
00001 21102 00000 00020 21021 02000 00000 01211 02111 11111 20210 21020
00000 01211 02000 00020 21020 00000 00001 02000 00000 01211 02111 11111
20210 21110 10000 00010 20000 00012 11020 00000 20210 20000 00000 01010
10102 00000 00121 10211 11112 02102 11111 11111 10200 00000 00121 10200
00000 02021 02101 01010 20000 00000 12110 21111 11112 02102 11101 01010
00101 11010 00102 00000 00001 21102 00000 00020 21021 02000 00000 01211
02111 11111 20210 21110 10101 01000 10200 00000 12110 20000 00202 10200
00000 00010 10101 01020 00000 01211 02111 11120 21021 11111 11111 02000
00000 01211 02000 00000 20210 21010 10102 00000 00001 21102 11111 11120
21021 11111 10101 00000 00101 11010 10001 02000 00000 01211 02000 00000
20210 21020 00000 00012 11021 11111 11202 10211 11111 01010 10101 00000
00102 00000 00121 10200 00002 02102 00000 00000 10101 01010 20000 00012
11021 11111 20210 21111 11111 11020 00000 00012 11020 00000 00202 10210
10101 01020 00000 00012 11021 11111 11202 10211 11111 01010 10100 00000
10200 00000 12110 20000 00202 10200 00000 00010 20000 00012 11021 11111
20210 21111 11111 11020 00000 01211 02000 00020 21020 00000 00001 01010
10200 00000 12110 21111 11202 10211 11111 11110 20000 00000 12110 20000
00002 02102 10101 01010 20000 00000 12110 21111 11112 02102 11101 01010
10101 00010 20000 00012 11020 00000 20210 20000 00000 01020 00000 00012
11021 11111 11202 10211 10101 01000 00001 02000 00001 21102 00000 02021
02000 00000 00101 02000 00000 01211 02111 11111 20210 21110 10101 01010
00000 01020 